-0.167442 -70.493
1.50698 -70.493
4.18605 -70.493
6.19535 -70.493
9.87907 -69.4884
13.5628 -69.8233
16.2419 -68.8186
18.9209 -69.8233
21.9349 -70.1581
23.9442 -70.1581
26.9581 -70.1581
27.6279 -70.1581
30.6419 -67.814
32.6512 -68.4837
35.6651 -68.8186
37.0047 -69.1535
39.3488 -68.1488
43.0326 -67.4791
45.7116 -66.1395
49.3953 -65.8047
53.0791 -65.1349
55.7581 -65.4698
59.4419 -66.1395
60.7814 -66.1395
62.1209 -66.1395
66.4744 -66.8093
66.4744 -66.8093
67.4791 -66.8093
68.4837 -67.4791
68.4837 -68.8186
68.4837 -70.8279
69.4884 -70.8279
71.4977 -70.1581
75.8512 -69.8233
76.186 -67.814
79.8698 -67.1442
81.5442 -67.1442
85.2279 -67.1442
86.9023 -65.4698
90.9209 -64.8
95.2744 -64.8
98.9581 -64.8
102.642 -64.4651
103.981 -65.4698
107.33 -66.4744
109.674 -65.8047
114.028 -65.1349
116.707 -66.1395
119.721 -66.1395
122.4 -65.8047
124.744 -65.8047
128.093 -66.1395
130.437 -65.1349
133.116 -65.4698
136.8 -65.4698
140.484 -66.4744
143.833 -66.8093
147.516 -67.1442
150.53 -67.1442
153.544 -68.4837
158.902 -69.4884
162.251 -69.1535
164.26 -69.4884
166.605 -70.493
168.279 -70.8279
170.288 -71.8326
166.94 -72.8372
163.256 -73.1721
162.921 -75.8512
164.595 -76.8558
166.605 -77.1907
166.605 -78.1953
168.949 -79.5349
173.972 -79.2
176.986 -79.2
181.34 -78.5302
185.693 -79.8698
191.386 -78.1953
196.744 -77.5256
200.093 -78.1953
201.098 -78.1953
202.437 -75.8512
206.791 -76.186
210.809 -75.5163
214.158 -74.8465
218.512 -74.5116
221.526 -74.5116
223.2 -74.1767
226.884 -73.8419
229.563 -74.8465
230.902 -73.507
233.581 -72.5023
236.26 -73.8419
239.944 -74.1767
242.958 -74.1767
245.972 -74.1767
248.986 -74.1767
252 -73.8419
254.679 -73.8419
256.019 -73.507
257.023 -72.8372
258.028 -71.8326
259.702 -71.8326
263.051 -72.1674
266.735 -73.507
272.428 -72.5023
275.442 -72.1674
278.456 -71.4977
281.135 -71.8326
283.144 -72.1674
284.484 -71.4977
285.823 -70.8279
288.837 -69.1535
290.177 -68.1488
292.521 -67.1442
293.191 -66.1395
293.86 -65.4698
296.54 -64.4651
297.544 -63.4605
299.219 -63.7953
300.558 -64.1302
298.549 -64.8
297.209 -66.1395
296.54 -66.1395
296.54 -66.8093
298.884 -69.8233
298.884 -70.1581
299.219 -71.4977
297.879 -73.1721
297.209 -75.8512
296.54 -77.5256
299.219 -77.1907
303.237 -78.1953
307.926 -77.1907
311.944 -76.5209
317.302 -78.5302
320.651 -78.8651
322.995 -78.1953
327.349 -76.8558
331.033 -75.1814
332.372 -74.8465
335.721 -73.507
337.73 -72.8372
340.744 -75.1814
342.419 -73.1721
345.098 -71.8326
348.112 -70.8279
351.795 -70.8279
353.805 -70.1581
355.814 -69.8233
358.158 -70.1581
359.163 -70.493
359.498 -71.1628
