131.777 -1.17209
133.786 -0.837209
134.791 -2.84651
137.135 -1.17209
140.149 -1.50698
143.498 -3.1814
146.512 -5.52558
149.191 -7.86977
149.191 -8.53953
146.847 -9.2093
144.502 -6.86512
142.493 -8.20465
142.828 -9.87907
143.163 -10.8837
145.172 -14.5674
147.851 -17.9163
148.186 -17.9163
150.195 -22.6047
153.209 -24.9488
153.209 -27.293
151.87 -30.6419
150.865 -34.3256
149.86 -36.3349
147.516 -37.6744
147.516 -41.0233
147.516 -42.3628
145.172 -42.3628
143.833 -40.3535
143.163 -38.6791
140.819 -36.6698
138.14 -36
137.47 -33.9907
133.451 -33.3209
130.437 -31.3116
128.093 -31.6465
126.753 -31.9814
123.07 -32.3163
121.395 -33.6558
118.716 -33.9907
116.707 -34.3256
113.693 -33.6558
115.367 -31.6465
115.367 -30.307
113.693 -28.2977
112.688 -25.6186
114.028 -23.2744
114.028 -20.9302
117.042 -19.5907
118.716 -19.2558
120.391 -18.586
121.06 -16.9116
122.065 -15.5721
124.409 -14.2326
126.084 -12.893
127.088 -13.2279
128.428 -13.5628
129.433 -12.5581
130.102 -11.5535
132.112 -11.2186
134.121 -11.2186
135.795 -11.2186
136.13 -12.893
137.47 -15.2372
138.474 -16.9116
139.814 -16.9116
140.819 -15.5721
140.819 -14.2326
140.819 -11.5535
140.819 -10.5488
141.153 -7.86977
139.144 -7.2
138.474 -5.52558
137.135 -5.1907
134.456 -5.1907
134.456 -3.85116
132.781 -3.85116
132.112 -3.51628
132.112 -1.50698
