359.153 4.95968
352.621 5.44355
346.089 8.83065
343.427 12.9435
343.427 21.1694
345.363 26.4919
349.234 31.5726
351.169 33.5081
351.169 39.0726
351.169 43.4274
353.589 44.1532
352.621 52.1371
353.589 57.4597
355.04 59.6371
358.669 54.3145
3.02419 51.6532
6.16935 54.3145
6.16935 58.6694
4.71774 62.7823
8.34677 64.7177
16.0887 69.3145
26.0081 70.7661
34.9597 69.7984
40.2823 68.3468
53.5887 69.0726
61.8145 70.0403
66.6532 69.5565
70.0403 73.6694
80.4435 74.1532
86.25 75.6048
92.2984 80.6855
100.524 80.4435
105.847 78.9919
112.621 76.8145
117.944 74.1532
124.476 74.3952
132.702 72.2177
137.298 73.9113
142.863 76.5726
148.185 73.4274
153.75 71.7339
159.073 71.7339
164.153 71.0081
174.315 70.5242
182.782 69.5565
187.863 67.621
195.605 69.5565
206.25 71.25
221.008 69.7984
228.992 70.5242
234.073 73.4274
240.121 74.879
246.895 74.3952
254.637 73.9113
260.927 77.2984
263.831 80.6855
273.992 83.1048
284.395 84.0726
291.411 84.3145
297.702 83.5887
311.008 83.1048
324.798 84.3145
336.653 83.5887
342.702 82.621
346.089 82.379
346.815 82.1371
345.847 80.6855
340.766 77.2984
338.347 73.4274
336.169 69.3145
329.395 68.1048
322.863 65.2016
317.298 63.9919
316.089 60.6048
313.669 57.4597
305.685 46.5726
294.556 43.9113
288.75 42.2177
286.089 39.7984
283.185 36.6532
281.008 32.2984
278.589 27.2177
277.621 15.6048
276.653 12.4597
282.702 8.83065
288.75 11.9758
296.492 10.7661
304.96 7.8629
309.556 3.02419
310.04 -1.33065
317.056 -2.05645
323.105 -4.23387
323.589 -9.79839
320.444 -17.2984
311.734 -27.7016
306.653 -33.75
301.815 -37.8629
296.492 -40.2823
293.589 -45.3629
293.831 -53.5887
288.992 -55.5242
285.121 -52.1371
284.879 -47.2984
286.815 -37.621
288.266 -30.121
288.992 -22.1371
286.815 -15.8468
280.524 -10.0403
280.04 -3.50806
281.976 5.68548
278.105 7.8629
268.911 13.6694
259.234 18.0242
253.185 20.6855
246.653 26.0081
241.573 34.2339
235.524 40.7661
235.766 48.9919
227.298 55.7661
221.492 58.1855
216.895 60.8468
210.605 60.3629
206.25 56.9758
198.508 55.5242
193.185 61.5726
185.202 64.4758
177.702 63.0242
172.137 60.8468
163.669 59.6371
159.798 54.0726
156.653 52.1371
144.798 44.1532
141.653 37.621
136.573 34.2339
130.04 33.0242
121.331 28.6694
118.669 25.5242
116.492 22.621
116.976 6.16935
117.218 0.604839
115.524 -3.02419
112.621 -7.37903
105.121 -4.23387
98.3468 0.362903
96.4113 4.95968
95.6855 17.2984
90.8468 21.6532
86.4919 22.379
83.3468 19.2339
80.9274 16.3306
78.9919 10.0403
76.8145 9.07258
73.6694 16.0887
71.4919 20.9274
65.2016 24.5565
59.1532 22.379
56.9758 19.9597
55.0403 17.7823
51.4113 15.3629
50.6855 11.0081
48.9919 7.37903
47.5403 4.23387
45.6048 2.29839
44.1532 0.362903
39.3145 -3.99194
38.8306 -7.8629
49.4758 -12.7016
48.5081 -17.5403
47.5403 -22.1371
44.879 -24.3145
32.0565 -28.1855
27.4597 -32.2984
20.6855 -33.5081
14.1532 -27.7016
12.7016 -19.9597
11.4919 -16.0887
12.9435 -9.55645
9.79839 -2.78226
9.55645 -0.362903
8.83065 5.44355
4.23387 6.16935
0.362903 7.1371
